,mean_vader,vader_pos_ratio,vader_neg_ratio,tweet_count,price_return,log_return,volume
mean_vader,1.0,0.7018021362649008,-0.48339368674522376,0.31871925806005397,0.2509296571092268,0.25903976016104996,0.013738105636408043
vader_pos_ratio,0.7018021362649008,1.0,-0.14206959771823427,0.14808877340079787,0.055766642880494384,0.05560256645252409,-0.045886566333002574
vader_neg_ratio,-0.48339368674522376,-0.14206959771823427,1.0,-0.45137266595158115,-0.07331059238932676,-0.0912927117330845,0.1806930714394348
tweet_count,0.31871925806005397,0.14808877340079787,-0.45137266595158115,1.0,0.13847833135672155,0.14186843647157893,0.12981187755734455
price_return,0.2509296571092268,0.055766642880494384,-0.07331059238932676,0.13847833135672155,1.0,0.9992184691363513,-0.048050690238082616
log_return,0.25903976016104996,0.05560256645252409,-0.0912927117330845,0.14186843647157893,0.9992184691363513,1.0,-0.06340339864454185
volume,0.013738105636408043,-0.045886566333002574,0.1806930714394348,0.12981187755734455,-0.048050690238082616,-0.06340339864454185,1.0
